-16.2 0.1 0
-14.2 0.1 0
-12.2 0.1 0
-10.2 0.1 0
-8.2 0.1 0
-6.2 0.1 0
-4.2 0.1 0
-2.2 0.1 0
-16.2 2.1 0 
-14.2 2.1 0
-12.2 2.1 0
-10.2 2.1 0
-8.2 2.1 0
-6.2 2.1 0
-4.2 2.1 0
-2.2 2.2 0
-16.2 4.1 0 
-14.2 4.1 0
-12.2 4.0 0
-10.2 4.1 0
-8.2 4.1 0
-6.2 4.1 0
-4.2 4.1 0
-2.2 4.1 0
-16.2 6.1 0 
-14.2 6.1 0
-12.2 6.0 0
-10.2 6.0 0
-8.2 6.1 0
-6.2 6.1 0
-4.2 6.1 0
-2.2 6.1 0
-16.2 8.1 0 
-14.2 8.1 0
-12.2 7.9 0
-10.2 7.9 0
-8.2 8.0 0
-6.2 8.1 0
-4.2 8.1 0
-2.2 8.1 0
-16.2 10.0 0
-14.2 10.0 0
-12.2 9.9 0
-10.2 9.9 0
-8.2 9.9 0
-6.2 9.9 0
-4.2 10.0 0
-2.2 10.0 0
-16.2 12.0 0 
-14.2 12.0 0
-12.2 11.9 0
-10.2 11.9 0
-8.2 11.9 0
-6.2 11.9 0
-4.2 12.0 0
-2.2 12.0 0
-16.2 14.0 0
-14.2 14.0 0
-12.2 13.9 0
-10.2 13.9 0
-8.2 13.9 0
-6.2 13.9 0
-4.2 14.0 0
-2.2 14.0 0
-16.2 16.0 0 
-14.2 16.0 0
-12.2 15.9 0
-10.2 15.9 0
-8.2 15.9 0
-6.2 15.9 0
-4.2 16.0 0
-2.2 16.0 0
-16.2 18.0 0
-14.2 18.0 0
-12.2 17.9 0
-10.2 17.9 0
-8.2 17.9 0
-6.2 17.9 0
-4.2 18.0 0
-2.2 18.0 0
-16.2 20.0 0
-14.2 20.0 0
-12.2 19.9 0
-10.2 19.9 0
-8.2 19.9 0
-6.2 19.9 0
-4.2 20.0 0
-2.2 20.0 0
-16.2 22.0 0 
-14.2 22.0 0
-12.2 21.9 0
-10.2 21.9 0
-8.2 21.9 0
-6.2 21.9 0
-4.2 22.0 0
-2.2 22.0 0
-16.2 24.0 0 
-14.2 24.0 0
-12.2 23.9 0
-10.2 23.9 0
-8.2 23.9 0
-6.2 23.9 0
-4.2 24.0 0
-2.2 24.0 0
-16.2 26.0 0 
-14.2 26.0 0
-12.2 25.9 0
-10.2 25.9 0
-8.2 25.9 0
-6.2 25.9 0
-4.2 26.0 0
-2.2 26.0 0
-16.2 28.0 0 
-14.2 28.0 0
-12.2 27.9 0
-10.2 27.9 0
-8.2 27.9 0